FORMA_ESTIMACION	SOLO_VAR
CANT_VARIABLES	5
CANT_REZAGOS_AR	1
CANT_REZAGOS_MA	0
CANT_INNOVACIONES	5
NOMBRES_SERIES	APORTE-BONETE	APORTE-PALMAR	APORTE-SALTO	CMgBrasil-Sur	ENSO34	
NOMBRES_VAR_EXOGENAS	
A1
0.6458263966877853	0.09063824644538532	0.12377017238543211	0.001080607899683224	0.039618518023830505	
0.07026969649515515	0.6725923359035939	0.030833228033410914	0.011169137995072069	0.032234381497870196	
0.031735127168038064	0.016157907198173727	0.8068358526763427	-0.018683226693058174	0.036492038041434444	
0.009535315848870796	0.008285753959772208	-0.010709913162603616	0.9598602283962845	-0.010309671832382484	
0.004427686096653965	-0.002174022129803676	-0.0044127557555130575	-3.4056246773228604E-4	0.9792266234340603	
B
0.6065060108483931	0.46086746381954813	0.6477942145360813	0.009749621436167356	0.004386353011310973	
0.749740607531699	-0.6025129068142663	-0.27329075468499264	-0.006120699846206182	0.011912975166699483	
0.26455087877052935	0.6513854245369018	-0.7109235338419861	-0.005086384021845865	-0.01648390032202057	
0.007231595968387783	-0.015994849827345135	0.01106303403692975	0.02086070677575665	-0.9995670607765466	
-1.2955407825925594E-4	-0.004535569935750946	-0.011838805886122327	0.9997031767107888	0.020804157532742285	
D   
0.5809414261583187	0.0	0.0	0.0	0.0	
0.0	0.28921490824435203	0.0	0.0	0.0	
0.0	0.0	0.21301952346896363	0.0	0.0	
0.0	0.0	0.0	0.038949990587655074	0.0	
0.0	0.0	0.0	0.0	0.0796220245577488	
COTAS_REALIZACIONES	APORTE-BONETE	0.0	10000.0
COTAS_REALIZACIONES	APORTE-PALMAR	0.0	10000.0
COTAS_REALIZACIONES	APORTE-SALTO	141.0	40000.0
COTAS_REALIZACIONES	CMgBrasil-Sur	0.0	1000.0
COTAS_REALIZACIONES	ENSO34	-100.0	100.0

